[2078 1439 2094 1360 1769 1329 1417   80 1443  704  591  890 1749 1381
  512 1408  504  451 1895  905]
original_interactions [384 461 236 478  86 457 511  60 323 443 360 473 472 514 456 481 119 450
 453 444]
best_interactions [384 461 236 478  86 457 511  60 323 443 360 473 472 514 456 481 119 450
 453]
items_removed [444]
target_item 80
-0.0
12
modified_sample [444, 3597, 3603, 250, 3297, 3600, 2359, 3182, 3468, 1933, 709, 3598, 1614, 1830, 1929, 3471, 3595, 3706, 3602, 430]
search_info [384, 461, 236, 478, 86, 457, 511, 60, 323, 443, 360, 473, 472, 514, 456, 481, 119, 450, 453, 1749]
==================================
[[1]]
[[1], [1]]
[[1], [1], [1]]
[[1], [1], [1], [1]]
[[1], [1], [1], [1], [2]]
[[1], [1], [1], [1], [2], [2]]
[[1], [1], [1], [1], [2], [2], [8]]
[[1], [1], [1], [1], [2], [2], [8], [19]]
[[1], [1], [1], [1], [2], [2], [8], [19], [1]]
[[1], [1], [1], [1], [2], [2], [8], [19], [1], [0], [1], [0], [0], [0], [0], [0], [0], [0], [0], [0], [0], [0], [0], [0], [0], [0], [0], [0]]
==================================
defaultdict(<class 'dict'>, {12: {'random_0': [[1], [1], [1], [1], [2], [2], [8], [19], [1], [0], [1], [0], [0], [0], [0], [0], [0], [0], [0], [0], [0], [0], [0], [0], [0], [0], [0], [0]]}})
defaultdict(<class 'list'>, {})
==================================
[[1]]
[[1], [1]]
[[1], [1], [20]]
[[1], [1], [20], [20]]
[[1], [1], [20], [20], [21]]
[[1], [1], [20], [20], [21], [21]]
[[1], [1], [20], [20], [21], [21], [8]]
[[1], [1], [20], [20], [21], [21], [8], [20]]
[[1], [1], [20], [20], [21], [21], [8], [20], [1]]
[[1], [1], [20], [20], [21], [21], [8], [20], [1], [20], [0], [0], [0], [0], [0], [0], [0], [0], [0], [0], [0], [0], [0], [0], [0], [0], [0], [0], [0]]
==================================
defaultdict(<class 'dict'>, {7: {'random_0': [[1], [1], [20], [20], [21], [21], [8], [20], [1], [20], [0], [0], [0], [0], [0], [0], [0], [0], [0], [0], [0], [0], [0], [0], [0], [0], [0], [0], [0]]}})
defaultdict(<class 'list'>, {})